$ANSIBLE_VAULT;1.1;AES256
65343865656362323931653831396636326236333736343134616437663161373739643830323036
3164313238303835336162393634636338363232303336310a356261663534613030363938373361
34616261613730366665656330643762346433636239373364373039653535636130363231376262
3265633233383737340a663631336564626232646535303432353663623762616462303330626266
34376165343665333134336631313335316264626336343865326138646464636262633635383166
31363732393563396333643863303535346334373764393431366238623331383862623264373833
62343932316234393565373930346331613261313133313439366134646437383765616235376134
64313266626433663730643261313966643535666632613837353538363532376537613962663937
66363664613939343639313665393166316166656432613730383937313532383463373836303063
36613139393638393462393131303737653531373230313264373464363062613334623130353561
65363330373936353065663065393361393239373331353963363066383665346432633134383963
63613361383330303462353634363138626538666431363730653365616635636366353037623738
65613664323965363037303763663733313939633562303561636335616165373733663330613933
36326433326665306438613837653563356465623430363639653864333866626536636232383335
63643632363437303335363134633963356633313131636636646632306335626139313265383632
31346632343834323339306161636631663930363934313336326139333565303961303531353466
30363166366332313964336233346563316465363839383238613263633238653864613561343461
39663166643438313737633464666664613336333965346333613238623830373665663932353863
32333534656631623837613864333363616461666430313432636338653033303564376639643833
33316336333838353430323232326362646339633038643633386233343136336333316239346136
33353962633363646264616537373965303062633436353934383066653132353838616135313532
31333430303137343664373263663135333564646561316633333761356363656162636336663338
35343738376132356235303038346565333061303765653230643963356262656663373734653562
64633661646666363561623166666535326432623838386335393261356563623366313739653762
33333965383531636561303235353161343562613035353666346662313035303031393732653965
3437653436313339396436326530396439373437633939396463
